20
29
30
31
43
44
45
46
47
62
63
64
65
66
67
68
69
89
90
91
92
93
94
95
96
97
98
99
123
124
125
126
127
128
129
131
132
133
134
135
164
165
166
167
168
169
170
173
174
175
176
177
209
210
211
212
213
214
215
216
221
222
223
224
258
259
260
261
262
263
264
265
271
272
273
322
323
324
325
326
327
328
329
393
394
395
396
397
398
399
400
468
469
472
473
474
475
476
477
545
546
549
550
551
552
553
566
567
625
626
629
630
631
632
643
644
645
703
704
707
708
709
720
721
722
723
724
725
726
727
728
729
786
787
790
801
802
803
804
805
806
807
808
809
810
811
812
867
868
881
882
883
884
885
886
887
888
889
890
891
892
949
960
961
962
963
964
965
966
967
968
969
970
971
972
1039
1040
1042
1043
1044
1045
1046
1047
1048
1049
1050
1115
1118
1119
1120
1121
1122
1123
1124
1125
1126
1127
1196
1197
1198
1199
1200
1201
1202
1203
1268
1274
1275
1276
1277
1278
1279
1344
1345
1346
1347
1353
1355
1356
1357
1421
1422
1423
1424
1425
1426
1431
1433
1434
1497
1498
1499
1500
1501
1502
1507
1509
1568
1574
1575
1576
1577
1578
1579
1584
1641
1642
1643
1644
1645
1650
1655
1656
1657
1658
1659
1660
1720
1721
1722
1723
1724
1725
1731
1735
1736
1737
1738
1739
1803
1804
1805
1806
1807
1808
1809
1815
1819
1820
1884
1885
1886
1887
1888
1889
1890
1891
1897
1900
1965
1966
1967
1968
1969
1970
1971
1972
1973
1974
1980
2048
2049
2050
2051
2052
2053
2054
2055
2056
2057
2130
2132
2133
2134
2135
2136
2137
2138
2211
2212
2214
2215
2216
2217
2218
2291
2292
2293
2294
2295
2296
2298
2299
2301
2302
2303
2374
2375
2376
2377
2378
2379
2380
2381
2382
2383
2385
2386
2388
2389
2462
2463
2464
2465
2466
2467
2468
2469
2470
2473
2474
2476
2546
2547
2548
2549
2550
2551
2552
2553
2554
2555
2558
2559
2629
2630
2631
2632
2633
2634
2635
2636
2637
2638
2642
2712
2713
2714
2715
2716
2717
2718
2719
2720
2721
2795
2796
2799
2800
2801
2802
2803
2804
2876
2877
2878
2881
2882
2883
2885
2887
2888
2889
2890
2891
2962
2963
2964
2967
2968
2972
2973
2974
2975
2976
3047
3048
3049
3052
3056
3057
3058
3059
3060
3061
3062
3133
3134
3135
3141
3142
3143
3144
3145
3146
3147
3148
3149
3150
3222
3223
3229
3230
3231
3232
3233
3234
3235
3236
3237
3238
3239
3316
3322
3323
3324
3325
3326
3327
3328
3329
3330
3331
3332
3333
3334
3335
3336
3420
3421
3424
3425
3426
3427
3428
3429
3430
3431
3432
3433
3434
3515
3516
3520
3521
3522
3523
3524
3525
3526
3527
3528
3529
3613
3617
3618
3619
3620
3621
3622
3623
3624
3625
3626
3627
3713
3715
3716
3717
3718
3719
3720
3721
3722
3723
3724
3811
3812
3813
3814
3816
3818
3819
3820
3821
3822
3906
3907
3908
3911
3912
3913
3914
3919
3920
3921
4010
4014
4015
4018
4019
4020
4025
4026
4027
4113
4114
4115
4118
4119
4122
4123
4128
4129
4130
4213
4214
4216
4217
4218
4221
4222
4224
4229
4230
4231
4314
4315
4316
4317
4318
4319
4321
4322
4323
4326
4332
4333
4415
4416
4417
4418
4419
4420
4422
4423
4424
4426
4509
4510
4511
4512
4513
4514
4515
4517
4518
4519
4602
4603
4604
4605
4606
4607
4608
4609
4610
4612
4613
4695
4696
4697
4698
4699
4700
4701
4702
4703
4785
4786
4787
4788
4789
4790
4791
4792
4793
4869
4874
4875
4876
4877
4878
4879
4954
4955
4960
4961
4962
4963
4964
4976
4977
4978
4979
4980
4981
5044
5045
5050
5051
5052
5053
5064
5065
5066
5067
5068
5069
5070
5071
5130
5131
5136
5137
5148
5149
5150
5151
5152
5153
5154
5155
5156
5215
5216
5221
5231
5232
5233
5234
5235
5236
5237
5238
5239
5240
5298
5299
5313
5314
5315
5316
5317
5318
5319
5320
5321
5322
5323
5324
5379
5392
5393
5394
5395
5396
5397
5398
5399
5400
5401
5402
5471
5472
5473
5474
5475
5476
5477
5478
5542
5546
5548
5549
5550
5551
5552
5612
5613
5617
5619
5620
5621
5622
5672
5681
5682
5686
5689
5690
5738
5739
5740
5741
5742
5750
5751
5755
5758
5759
5760
5806
5807
5808
5809
5810
5817
5818
5822
5825
5826
5827
5828
5829
5876
5877
5878
5879
5885
5886
5892
5893
5894
5895
5896
5897
5941
5942
5943
5944
5950
5956
5957
5958
5959
5960
5961
6002
6003
6004
6005
6016
6017
6018
6019
6020
6021
6022
6023
6062
6064
6065
6075
6076
6077
6078
6079
6080
6081
6082
6083
6132
6133
6134
6135
6136
6137
6138
6139
6140
6160
6189
6190
6191
6192
6193
6194
6195
6215
6216
6217
6245
6246
6247
6248
6249
6250
6270
6271
6272
6296
6297
6298
6299
6300
6301
6321
6322
6323
6345
6346
6347
6348
6349
6350
6370
6371
6372
6392
6393
6394
6395
6396
6397
6398
6418
6419
6420
6441
6442
6443
6444
6464
6465
6466
6467
6485
6487
6488
6507
6508
6509
6525
6527
6528
6547
6548
6549
6563
6565
6566
6585
6586
6587
6599
6601
6602
6620
6621
6622
6634
6636
6637
6654
6655
6656
6667
6669
6670
6686
6687
6688
6698
6700
6701
6715
6716
6717
6727
6729
6742
6743
6744
6745
6755
6756
6757
6769
6770
6771
6775
6781
6782
6793
6794
6795
6798
6804
6805
6815
6816
6817
6820
6821
6828
6837
6838
6839
6841
6842
6849
6857
6858
6859
6862
6863
6869
6876
6877
6878
6881
6882
6887
6893
6894
6895
6899
6900
6904
6907
6910
6911
6915
6916
6919
6922
6925
6926
6930
6931
6933
6936
6939
6940
6944
6945
6946
6949
6952
6953
6956
6957
6958
6961
6964
6965
6967
6968
6969
6972
6975
6976
6977
6978
6979
6982
6983
6984
6985
6986
6987
6988
6989
6991
6992
6993
6994
6995
6996
6997
6998
6999
7000
7001
7002
7003
7004
7005
7006
7007
7008
7009
7010
7011
7012
7013
7014
7015
