297.173163 497.33798 96.86937604858399 1 0.0
297.12476 494.593644 96.86250850854492 1 0.0
294.600251 496.640233 96.86762997760009 1 0.0
292.139327 497.617628 96.87007585131836 1 0.0
297.090325 491.826174 96.85557544763184 1 0.0
294.430561 493.567266 96.85993294154358 1 0.0
291.82101 494.959196 96.86342328100585 1 0.0
289.428405 497.05453 96.86866673156739 1 0.0
297.066537 483.680716 96.8351766574707 1 0.0
297.077591 486.33944 96.84183636291505 1 0.0
297.081522 489.072141 96.84867601202393 1 0.0
294.37139 490.608813 96.85252907305907 1 0.0
291.703356 492.168645 96.85643246124268 1 0.0
297.075228 481.129841 96.82879041815949 1 0.0
297.227177 478.711229 96.82273317803954 1 0.0
297.082911 476.2558 96.81658098144533 1 0.0
288.977531 494.111005 96.86129776493073 1 0.0
286.798902 497.109585 96.868804503479 1 0.0
294.345667 481.689423 96.83019356341552 1 0.0
294.344954 484.671207 96.83765530316163 1 0.0
294.393576 487.623202 96.84505012707518 1 0.0
291.823059 489.087907 96.84871546551514 1 0.0
289.383887 490.663625 96.85266623687744 1 0.0
297.014758 473.640032 96.81003517529297 1 0.0
297.143274 470.944589 96.80328235772706 1 0.0
294.447821 478.618858 96.8225020250244 1 0.0
294.382076 475.541713 96.81479402056884 1 0.0
287.10144 491.997166 96.85600334509277 1 0.0
285.833944 494.420066 96.8620735299225 1 0.0
291.769851 480.135297 96.82629682476806 1 0.0
291.689937 483.127993 96.83379350054932 1 0.0
291.728227 486.097553 96.84122920941925 1 0.0
289.168947 487.60449 96.84500330139159 1 0.0
286.69591 489.119883 96.84879548358154 1 0.0
297.165462 468.048188 96.79603083688355 1 0.0
294.252802 472.477619 96.80712613411713 1 0.0
294.585951 469.663653 96.80007689044189 1 0.0
291.773424 477.126512 96.81876466711427 1 0.0
291.82495 474.118969 96.81123368707276 1 0.0
289.152763 478.682405 96.82266104766845 1 0.0
289.04911 481.650151 96.83009528753662 1 0.0
289.032809 484.624499 96.8375384191284 1 0.0
286.414953 486.154938 96.84137324983216 1 0.0
297.229177 462.30866 96.78165619262695 1 0.0
297.061845 465.088169 96.78861938043212 1 0.0
294.593466 466.505935 96.79216725677489 1 0.0
292.336377 468.261035 96.79656509792328 1 0.0
291.459585 470.950524 96.80329720971679 1 0.0
289.09117 475.651745 96.81506936920167 1 0.0
289.316262 472.889467 96.80815693035888 1 0.0
286.665982 477.060439 96.81859881920624 1 0.0
286.429126 480.128202 96.82627906994628 1 0.0
286.344979 483.151596 96.83385256567382 1 0.0
297.312848 459.163213 96.77378232633208 1 0.0
295.037239 460.818301 96.77792665655517 1 0.0
294.080316 463.518357 96.78468352854156 1 0.0
291.722385 465.538051 96.78974518377686 1 0.0
289.673194 468.150216 96.79628693438721 1 0.0
288.058637 470.544407 96.80228092572021 1 0.0
286.516464 473.554153 96.80982026812744 1 0.0
297.06707 456.22318 96.76642000610352 1 0.0
294.574692 457.955347 96.77075465252685 1 0.0
292.472118 460.47956 96.77707897705078 1 0.0
290.861717 462.84128 96.78298904296875 1 0.0
288.790656 465.27563 96.78908849060059 1 0.0
286.776591 467.776011 96.7953476533432 1 0.0
285.160211 470.571188 97.8217149436035 1 0.0
297.087638 453.346335 96.75921324066162 1 0.0
294.201668 455.020115 96.76340574520111 1 0.0
291.798326 457.517204 96.7696582253418 1 0.0
289.682048 459.915463 96.77566735736085 1 0.0
287.868752 462.374158 96.78182009753418 1 0.0
285.890091 464.870275 96.78807411346436 1 0.0
297.301883 450.131622 96.75116579924011 1 0.0
294.851119 451.640117 96.75494353009033 1 0.0
292.463737 452.822978 96.75790357043456 1 0.0
290.784521 454.903851 96.76311391432952 1 0.0
288.755349 457.047443 96.76848267596435 1 0.0
286.789262 459.369172 96.77429929800415 1 0.0
297.203839 446.97759 96.74326820007323 1 0.0
294.714759 448.533374 96.74716145837402 1 0.0
292.203858 449.971943 96.75076499364471 1 0.0
289.811174 451.850475 96.75546993865967 1 0.0
287.866783 454.016092 96.76088926831055 1 0.0
285.905709 456.262781 96.76651910528564 1 0.0
297.123321 443.956694 96.73570095544433 1 0.0
297.078354 441.00572 96.72830868652343 1 0.0
294.528394 445.483664 96.73952210839845 1 0.0
291.986428 447.030158 96.74339974841308 1 0.0
289.480112 448.807796 96.7478481833496 1 0.0
287.133558 450.810374 96.75286714685058 1 0.0
285.075106 453.047205 98.03314668536376 1 0.0
294.404727 442.467153 96.73197321576691 1 0.0
297.076541 438.052797 96.72091916973876 1 0.0
294.351674 439.464972 96.72445305493164 1 0.0
291.805125 444.014432 96.73584544140624 1 0.0
289.271648 445.740915 96.74016770198823 1 0.0
286.799326 447.641849 96.7449304692993 1 0.0
291.692816 440.959046 96.72819188757325 1 0.0
297.093382 435.072059 96.71345241815186 1 0.0
294.342448 436.474261 96.71696134649659 1 0.0
291.638555 437.894927 96.72052410931397 1 0.0
297.060766 432.10164 96.7060114892578 1 0.0
297.05109 429.198894 96.69874753747558 1 0.0
297.052078 426.356041 96.69162583502197 1 0.0
297.103618 423.520961 96.68452374396514 1 0.0
297.216315 420.624738 96.67727595568849 1 0.0
289.121604 442.604862 96.73231807507324 1 0.0
286.648365 444.423922 96.73687016613769 1 0.0
289.024032 439.432272 96.72437122509766 1 0.0
294.321624 433.507243 96.70953655780029 1 0.0
291.60007 434.846464 96.71288787988281 1 0.0
288.959843 436.261398 96.71642866931151 1 0.0
294.285462 430.56517 96.70216656311035 1 0.0
294.276752 427.662912 96.69489744604493 1 0.0
294.331161 424.782861 96.68768904425048 1 0.0
294.483714 421.909273 96.68049042926026 1 0.0
297.15416 417.582525 96.66965536651611 1 0.0
294.741714 418.993696 96.67318673925782 1 0.0
297.356871 414.673104 96.66236840222169 1 0.0
286.526508 441.13059 96.72862116638184 1 0.0
286.427217 437.820035 96.72033669647216 1 0.0
291.553469 431.829755 96.70533111297608 1 0.0
288.886901 433.113994 96.70854953022766 1 0.0
286.328186 434.550786 96.7121479630127 1 0.0
291.520637 428.851751 96.6978788324585 1 0.0
291.559237 425.912768 96.6905165703125 1 0.0
291.677873 423.03293 96.68330231506349 1 0.0
291.933732 420.23455 96.67629750785828 1 0.0
292.41727 417.529402 96.66952242932129 1 0.0
294.462933 415.757685 96.66508881134033 1 0.0
297.347683 411.445459 96.65428967293548 1 0.0
295.197353 413.075357 96.65836881329346 1 0.0
288.818977 430.001794 96.70075674768066 1 0.0
286.208624 431.314004 96.70404047631837 1 0.0
288.836035 426.901886 96.69299178015137 1 0.0
288.91546 423.855913 96.68536449720001 1 0.0
289.117897 420.881138 96.67791758166504 1 0.0
289.679626 417.945445 96.67056355255127 1 0.0
291.105413 415.166948 96.66360798562621 1 0.0
292.591836 412.832358 96.65776072253416 1 0.0
297.008148 408.55116 96.64703964599609 1 0.0
294.5246 410.298547 96.65141237957764 1 0.0
286.215591 428.031659 96.69582302712249 1 0.0
286.251576 424.780216 96.68768242529296 1 0.0
286.357962 421.61119 96.67974449401855 1 0.0
286.913134 418.447819 96.67182071405028 1 0.0
288.087379 415.378454 96.66413888066101 1 0.0
289.631026 412.576747 96.65712107098389 1 0.0
291.624929 409.997723 96.65065958514404 1 0.0
297.006541 405.753699 96.64003346993256 1 0.0
294.007371 407.488285 96.64437986358644 1 0.0
285.160689 415.750238 97.68300317565921 1 0.0
286.580928 412.721294 96.65748279138184 1 0.0
288.333698 410.008653 96.6506869368286 1 0.0
297.140705 402.685875 96.6323544845581 1 0.0
290.219103 407.668436 96.6448306809082 1 0.0
294.519473 404.266783 96.63631061419677 1 0.0
291.994285 405.603502 96.63965646482849 1 0.0
297.056033 399.648975 96.62474719085694 1 0.0
285.326187 409.825331 97.17166718426512 1 0.0
287.155689 407.150267 96.64353399334718 1 0.0
294.365912 401.245351 96.62874202825928 1 0.0
289.188283 404.78784 96.6376145288086 1 0.0
291.702616 402.783064 96.63259769433594 1 0.0
296.979615 396.706507 96.61737620770265 1 0.0
294.199795 398.286021 96.6213348458023 1 0.0
286.374565 404.042343 96.63574896624756 1 0.0
291.471643 399.901893 96.62538010333253 1 0.0
288.822643 401.816051 96.63017258284759 1 0.0
296.954038 393.819199 96.61015088861083 1 0.0
296.965179 390.937946 96.60293309240723 1 0.0
297.002626 388.010441 96.59559955328369 1 0.0
294.105115 395.348667 96.61397829266357 1 0.0
291.313841 396.965821 96.61802512579345 1 0.0
286.009311 400.862304 96.62778347558594 1 0.0
288.595388 398.795066 96.62261033361816 1 0.0
297.057101 385.007527 96.58808493695068 1 0.0
294.087715 392.415409 96.60663035699463 1 0.0
294.13536 389.467963 96.59925430165863 1 0.0
294.228592 386.490409 96.59179576226806 1 0.0
291.245831 393.994788 96.61059028979491 1 0.0
288.468362 395.729433 96.61493113726806 1 0.0
285.80281 397.640926 96.61971561167907 1 0.0
297.047049 381.985493 96.58051484454346 1 0.0
294.286471 383.479009 96.58425228082277 1 0.0
291.266316 391.002062 96.60309353894043 1 0.0
291.363238 387.992545 96.5955547695923 1 0.0
291.498786 384.962672 96.58797268994141 1 0.0
288.440337 392.638507 96.60718970339202 1 0.0
285.710625 394.395261 96.61159245001221 1 0.0
297.033401 379.015333 96.57307456378174 1 0.0
294.289582 380.444071 96.57665709960175 1 0.0
291.576929 381.875275 96.58023903045654 1 0.0
288.507635 389.542608 96.5994413408203 1 0.0
288.657323 386.453723 96.59170395770263 1 0.0
288.866645 383.359403 96.58395297381591 1 0.0
285.721647 391.150481 96.6034649487915 1 0.0
297.047027 376.097854 96.56577067539979 1 0.0
297.068072 373.199885 96.55851411651611 1 0.0
297.136749 370.283228 96.55120772387696 1 0.0
297.290384 367.29896 96.54373823425293 1 0.0
294.289608 377.42177 96.56908676574707 1 0.0
291.598667 378.754598 96.57242208972167 1 0.0
288.968485 380.166998 96.57596162675476 1 0.0
285.832693 387.935172 96.59541119702149 1 0.0
286.04248 384.770471 96.58749171820068 1 0.0
286.368716 381.65409 96.5796855279541 1 0.0
294.302448 374.443276 96.56162562963867 1 0.0
294.356216 371.514047 96.55429540570067 1 0.0
297.071747 364.2386 96.53607376708985 1 0.0
296.840828 361.623286 96.52952240824891 1 0.0
294.535415 368.625602 96.54705961193848 1 0.0
294.836314 365.801102 96.53998383679198 1 0.0
291.593175 375.652577 96.56465299860382 1 0.0
288.969395 376.957577 96.56792514996337 1 0.0
286.443404 378.369772 96.57145908520508 1 0.0
291.598468 372.599938 96.55701278430175 1 0.0
291.756987 369.548514 96.5493691451416 1 0.0
297.016437 358.816207 96.52249691693116 1 0.0
294.152046 360.4115 96.52648904418945 1 0.0
293.612972 363.332699 96.53380680291748 1 0.0
292.167201 366.459398 96.54163118395996 1 0.0
288.900178 373.820957 96.56006831280519 1 0.0
286.270424 375.189249 96.56349238336182 1 0.0
289.004437 370.677918 96.55219676988219 1 0.0
289.347818 367.539886 96.54434267126464 1 0.0
297.104537 353.064843 96.50808920672608 1 0.0
297.027895 355.926841 96.51525881842042 1 0.0
294.32359 357.331452 96.51877377514649 1 0.0
291.709587 358.752289 96.52233696588134 1 0.0
291.066136 361.660825 96.52961663379669 1 0.0
290.187188 364.445187 96.53659073895263 1 0.0
286.309021 371.933636 96.5553454025879 1 0.0
286.531535 368.682535 96.54720208343505 1 0.0
287.075077 365.499862 96.53923000134277 1 0.0
297.164407 350.100662 96.50067151745606 1 0.0
294.423113 351.590939 96.50440084832763 1 0.0
294.238586 354.308747 96.51120817385102 1 0.0
291.7235 355.523881 96.51425043463135 1 0.0
289.43518 357.088145 96.51816491363525 1 0.0
288.657599 359.766444 96.52487482934569 1 0.0
287.807815 362.534006 96.53180812048339 1 0.0
297.168641 347.050864 96.49303194726562 1 0.0
294.626002 348.521964 96.49671345639037 1 0.0
292.176004 350.014632 96.50045623242187 1 0.0
291.08094 352.565982 96.50684083630371 1 0.0
288.661574 354.395572 96.51142611074829 1 0.0
286.679153 357.088999 96.51816705072022 1 0.0
285.683951 360.049487 96.52558312786866 1 0.0
297.036274 344.169409 96.48581364556884 1 0.0
294.355579 345.595831 96.48939081243896 1 0.0
291.782596 347.200816 96.49340719335937 1 0.0
289.503947 349.429377 96.49899112726594 1 0.0
287.702456 351.648207 96.5045441581421 1 0.0
285.658802 354.164463 96.5108460107956 1 0.0
296.963343 341.411871 96.47891306829834 1 0.0
294.157317 342.691729 96.48211583795165 1 0.0
291.482067 344.299685 96.48613965362549 1 0.0
288.966383 346.307386 96.49117143713379 1 0.0
286.697488 348.506691 96.49667512007903 1 0.0
296.930531 338.747298 96.47223750109863 1 0.0
296.900597 336.185267 96.46582376741792 1 0.0
297.128091 333.749578 96.45972337023926 1 0.0
296.932312 331.317399 96.45363559166717 1 0.0
296.978809 328.746446 96.447195696167 1 0.0
297.021936 326.046933 96.44043269366455 1 0.0
294.056393 339.775397 96.47481235971833 1 0.0
291.306319 341.330798 96.47871018786621 1 0.0
288.671778 343.180365 96.48333862091064 1 0.0
286.212658 345.24531 96.48851171104431 1 0.0
294.018688 336.814649 96.46740116021728 1 0.0
294.176721 333.761364 96.45975286401368 1 0.0
294.092041 330.692087 96.45206601427459 1 0.0
294.192611 327.682532 96.4445333137207 1 0.0
297.005238 323.253979 96.43344161293793 1 0.0
294.306598 324.673309 96.43699528009034 1 0.0
297.024488 320.48139 96.42649761901855 1 0.0
297.278995 317.670055 96.41945608592988 1 0.0
291.237765 338.316852 96.47116033520507 1 0.0
288.527013 340.027383 96.47544486241912 1 0.0
285.959635 341.926197 96.48020013897705 1 0.0
291.298601 335.262574 96.46350955407715 1 0.0
291.353895 332.242034 96.45595082971191 1 0.0
291.401476 329.175262 96.44826878308105 1 0.0
291.579185 326.119184 96.44061349755859 1 0.0
297.223929 314.610753 96.41179906451417 1 0.0
294.186946 321.606132 96.4293122199707 1 0.0
291.798699 322.997192 96.43279705938721 1 0.0
294.307654 318.821237 96.42234318341065 1 0.0
294.944008 316.164402 96.41568698010255 1 0.0
288.504455 336.863369 96.46752307916259 1 0.0
285.844092 338.596629 96.4718604607544 1 0.0
288.544244 333.730894 96.45967661462403 1 0.0
288.626832 330.622685 96.45189181034087 1 0.0
288.775351 327.534094 96.44416185632323 1 0.0
297.008064 311.881314 96.4049611739502 1 0.0
289.056026 324.515238 96.4365997166748 1 0.0
294.141315 313.564888 96.40917471429444 1 0.0
289.503806 321.583471 96.429255512146 1 0.0
291.420179 319.423403 96.42385006854248 1 0.0
292.217723 316.285326 96.41598958532715 1 0.0
285.824459 335.290268 96.46357885668945 1 0.0
285.87975 332.01568 96.45538439208984 1 0.0
286.014297 328.773881 96.44726435064698 1 0.0
286.274835 325.563415 96.43922271820068 1 0.0
297.042189 309.118138 96.39804357453917 1 0.0
294.222002 310.872579 96.40243687371827 1 0.0
286.778295 322.385957 96.43126368634033 1 0.0
291.193192 313.313259 96.40854453240966 1 0.0
288.085607 319.234234 96.4233766842041 1 0.0
289.525864 316.574414 96.4167130111084 1 0.0
297.052328 306.300681 96.39098833746338 1 0.0
294.308125 307.933066 96.39507328527831 1 0.0
291.698684 309.872665 96.39993464752197 1 0.0
285.077274 319.873375 97.69315409710697 1 0.0
289.127506 311.250853 96.40338348223877 1 0.0
287.968269 314.097476 96.41051154788208 1 0.0
286.372718 316.840114 96.41737790979005 1 0.0
297.080114 303.434129 96.38380732965088 1 0.0
294.384796 304.880534 96.38742977665711 1 0.0
291.843801 306.44165 96.39134110412597 1 0.0
289.491015 307.88489 96.39495272766113 1 0.0
287.157823 309.182326 96.39820469096375 1 0.0
286.048572 311.720786 96.40455946203613 1 0.0
297.071419 300.562835 96.37661493465423 1 0.0
294.33974 301.90711 96.37998605407714 1 0.0
291.705448 303.321627 96.38352579998781 1 0.0
289.185444 304.767403 96.38714580983734 1 0.0
286.735349 306.287672 96.39095578320314 1 0.0
297.072737 297.682461 96.36940648809815 1 0.0
297.081978 294.806927 96.36220300335692 1 0.0
297.112659 291.971243 96.35510283620454 1 0.0
297.250863 289.160478 96.34806546618651 1 0.0
294.298788 298.989318 96.37267682116699 1 0.0
291.581851 300.302757 96.37596362530518 1 0.0
288.954067 301.697224 96.37946082666016 1 0.0
286.41372 303.242045 96.3833266506958 1 0.0
294.291254 296.110857 96.36547067224885 1 0.0
294.326535 293.265365 96.35834533477784 1 0.0
294.478751 290.449017 96.3512899595337 1 0.0
297.138822 286.288887 96.34087184857178 1 0.0
294.827664 287.675315 96.3443489328003 1 0.0
291.52341 297.327741 96.36851882208252 1 0.0
288.823356 298.636501 96.37179391729735 1 0.0
286.211299 300.108055 96.3754763949585 1 0.0
296.750329 283.801992 96.33464853955078 1 0.0
297.115343 281.098452 96.32787545971681 1 0.0
291.543515 294.372092 96.36111485424804 1 0.0
291.701833 291.406125 96.35368506622314 1 0.0
292.142867 288.388708 96.34613415698243 1 0.0
293.550507 285.352759 96.33852924310303 1 0.0
288.800153 295.580074 96.36413836933897 1 0.0
286.127982 296.930689 96.36752522271729 1 0.0
297.187444 278.160294 96.32051526208497 1 0.0
294.06943 282.519345 96.33143130878449 1 0.0
294.572897 279.692637 96.32435749005127 1 0.0
288.925802 292.52248 96.35648630859376 1 0.0
289.307048 289.459831 96.34881457952883 1 0.0
290.164961 286.442278 96.34125570056152 1 0.0
291.057607 283.688266 96.33436394689942 1 0.0
297.171912 275.145816 96.31297170751952 1 0.0
297.048931 272.22139 96.30564587341308 1 0.0
286.189581 293.738161 96.35952847906495 1 0.0
294.611098 276.658401 96.316756862854 1 0.0
291.564839 280.77741 96.32707207092285 1 0.0
292.177565 278.166596 96.3205310324707 1 0.0
286.466995 290.55826 96.35156333374024 1 0.0
287.06889 287.446477 96.34377587076568 1 0.0
287.918274 284.492875 96.33637743377686 1 0.0
288.869682 281.575347 96.32906886151123 1 0.0
294.318797 273.818468 96.30964489724731 1 0.0
296.995743 269.356456 96.29846891455078 1 0.0
294.189385 270.965929 96.30250415582276 1 0.0
296.952306 266.532974 96.29140331628417 1 0.0
291.643182 275.550694 96.31398489099122 1 0.0
289.363167 278.148664 96.32048615869141 1 0.0
285.818756 282.357148 96.33102527270509 1 0.0
286.902778 279.638576 96.32422220556641 1 0.0
291.405726 272.771746 96.30702310705566 1 0.0
294.127056 268.081142 96.29527751599122 1 0.0
291.319488 269.938753 96.29992942609405 1 0.0
296.900704 263.750226 96.2844320230713 1 0.0
294.054538 265.138576 96.2879111595459 1 0.0
296.636813 261.091719 96.27777615013886 1 0.0
297.460179 258.664643 96.27169802020263 1 0.0
297.127735 256.001314 96.26502556604004 1 0.0
288.781912 275.04407 96.31271709411621 1 0.0
286.319853 276.916912 96.31740377148438 1 0.0
288.516995 272.07026 96.30526767944336 1 0.0
291.272768 267.055812 96.29271168774414 1 0.0
288.4723 269.128739 96.29789906610108 1 0.0
297.139641 253.140277 96.25786598858642 1 0.0
293.807105 262.138562 96.28039892834474 1 0.0
291.144861 264.146867 96.2854245939331 1 0.0
294.809812 258.293994 96.27077049279785 1 0.0
294.566748 254.957014 96.26241226647949 1 0.0
285.819138 274.042269 96.31020665360259 1 0.0
285.650498 271.101159 96.30284256097411 1 0.0
288.410719 266.178836 96.29051710668945 1 0.0
285.662136 268.143948 96.29543468432618 1 0.0
297.155498 250.157793 96.25039486773682 1 0.0
294.522163 251.824572 96.25456836080932 1 0.0
292.493572 259.58757 96.27400759094238 1 0.0
290.406767 261.374822 96.27848675871277 1 0.0
288.100621 263.261582 96.28320922009277 1 0.0
292.184067 256.574418 96.26646029298401 1 0.0
291.978329 253.487395 96.25873463104247 1 0.0
285.533035 265.159376 96.28796336901857 1 0.0
297.123907 247.136407 96.24282639691162 1 0.0
294.483372 248.756802 96.24688896984863 1 0.0
291.889895 250.404217 96.25101152935791 1 0.0
289.749373 258.266493 96.27070167315674 1 0.0
287.543745 260.137144 96.27538286767577 1 0.0
285.34286 262.105949 96.75173731622323 1 0.0
289.456293 255.196261 96.2630109680786 1 0.0
289.332201 252.14768 96.25537938476563 1 0.0
297.083873 244.161876 96.23538280737304 1 0.0
294.416286 245.711078 96.23925959460449 1 0.0
291.81445 247.303521 96.24324458990478 1 0.0
289.276027 249.007212 96.24751560620118 1 0.0
286.986543 256.935937 96.26736773126984 1 0.0
286.681579 253.89898 96.25976459838867 1 0.0
286.760447 250.828962 96.25207442883303 1 0.0
297.061144 241.243525 96.22807217559816 1 0.0
294.354272 242.689885 96.23169305545807 1 0.0
291.733296 244.19167 96.2354573651123 1 0.0
289.201016 245.794193 96.23946758502197 1 0.0
286.773224 247.536279 96.24382732994843 1 0.0
297.04739 238.353798 96.22083317370605 1 0.0
297.060627 235.458646 96.2135879099579 1 0.0
294.306497 239.707363 96.22422802020264 1 0.0
297.094169 232.534058 96.2062619859619 1 0.0
297.152239 229.598733 96.1989096310196 1 0.0
291.645541 241.103276 96.22772121069336 1 0.0
289.089693 242.586552 96.231433682312 1 0.0
286.657212 244.196989 96.23547067559815 1 0.0
294.27964 236.76819 96.21686528259275 1 0.0
294.299344 233.864803 96.20959209735108 1 0.0
291.553657 238.073026 96.22013055822754 1 0.0
297.15433 226.641786 96.19150929113769 1 0.0
294.360769 230.988564 96.2023944777832 1 0.0
294.53756 228.143063 96.19526614886475 1 0.0
288.921444 239.452045 96.22358873600007 1 0.0
286.393885 241.000082 96.22746297375488 1 0.0
291.513387 235.088682 96.21265927412415 1 0.0
291.545321 232.154567 96.20531233197022 1 0.0
288.815088 236.338577 96.2157902012329 1 0.0
297.087829 223.744993 96.18425260699462 1 0.0
297.0015 220.933422 96.17721249266052 1 0.0
294.473304 225.195994 96.18788365197753 1 0.0
291.645568 229.297576 96.19815525 1 0.0
291.974411 226.684623 96.19161648822022 1 0.0
286.203139 237.822276 96.21950307104491 1 0.0
288.810138 233.204002 96.2079384815674 1 0.0
288.949887 229.998494 96.19991305943299 1 0.0
286.14568 234.631919 96.21151276665496 1 0.0
296.989182 218.103821 96.17012827520753 1 0.0
297.010967 215.225177 96.16291700787353 1 0.0
294.212904 222.380785 96.18083875640869 1 0.0
294.146483 219.526922 96.17368950207519 1 0.0
291.509495 224.040828 96.18499291674804 1 0.0
289.143181 226.587133 96.19137252520753 1 0.0
286.236672 231.420274 96.20347480676269 1 0.0
286.545005 228.224159 96.19546908685304 1 0.0
297.031284 212.302188 96.15559476977538 1 0.0
297.04147 209.375138 96.14826999865721 1 0.0
297.080953 206.461226 96.14097047521973 1 0.0
294.14262 216.656455 96.1664998908615 1 0.0
294.177117 213.769092 96.15927324047851 1 0.0
291.373288 221.137556 96.17772488345338 1 0.0
291.306376 218.199911 96.17036873480224 1 0.0
288.809656 223.143477 96.18274734844971 1 0.0
286.48643 224.936426 96.1872340982666 1 0.0
297.116292 203.518918 96.13360003678893 1 0.0
294.223745 210.864832 96.15199787060547 1 0.0
294.299735 207.936779 96.14466629250336 1 0.0
294.422981 204.976015 96.13725382171631 1 0.0
291.314331 215.252039 96.16298422845458 1 0.0
291.369206 212.303814 96.1555988387451 1 0.0
288.590683 219.951002 96.17475073742676 1 0.0
288.521892 216.831972 96.16694045095826 1 0.0
286.047339 221.724135 96.17919552825927 1 0.0
297.152835 200.527959 96.12611519281005 1 0.0
294.505657 201.942428 96.12965481860351 1 0.0
291.47483 209.352458 96.14821324328614 1 0.0
291.644876 206.38847 96.14078840759277 1 0.0
291.878303 203.39705 96.13329492492676 1 0.0
288.542717 213.754214 96.15923600915526 1 0.0
288.635185 210.705206 96.15159841589356 1 0.0
285.858598 218.477439 96.17106323236084 1 0.0
285.807802 215.247113 96.16297190142822 1 0.0
297.168344 197.502581 96.11853673223877 1 0.0
294.53141 198.897236 96.12202980532837 1 0.0
291.954265 200.28286 96.12550184692384 1 0.0
289.449833 201.763257 96.12920645367431 1 0.0
288.81403 207.695444 96.14406052456665 1 0.0
289.079541 204.719893 96.13661289141845 1 0.0
285.865683 212.035083 96.15492635516358 1 0.0
285.999724 208.86198 96.14698585083008 1 0.0
297.088352 194.539117 96.11111350626373 1 0.0
294.4382 195.918065 96.1145715737915 1 0.0
291.859194 197.198379 96.11777548455811 1 0.0
289.425611 198.557933 96.12117813077545 1 0.0
287.168738 200.122796 96.12510129614259 1 0.0
286.578293 202.884501 96.13201230108643 1 0.0
286.238658 205.807696 96.1393350546875 1 0.0
296.999493 191.719452 96.10405716137696 1 0.0
296.999805 188.999957 96.09724415509032 1 0.0
294.225046 193.057263 96.10740495501709 1 0.0
291.529183 194.276109 96.11045504571533 1 0.0
288.956021 195.557292 96.11366876049804 1 0.0
286.539579 197.302856 96.11803693212892 1 0.0
297.003686 186.298943 96.09048349187469 1 0.0
294.097108 190.273519 96.10043116937256 1 0.0
294.183717 187.540515 96.09359198699951 1 0.0
291.276126 191.425749 96.10332162033845 1 0.0
288.587133 192.491235 96.10598850311278 1 0.0
286.098274 194.273938 96.11044961291503 1 0.0
296.971619 183.653105 96.08385634185791 1 0.0
294.143378 184.720971 96.08652861395262 1 0.0
291.19403 188.667477 96.09641214337158 1 0.0
291.458169 186.095632 96.08997316687012 1 0.0
288.402709 189.309174 96.09801795251465 1 0.0
285.814069 191.061047 96.10240619249726 1 0.0
296.873816 181.110555 96.07748613006592 1 0.0
296.831886 178.641369 96.0713071367798 1 0.0
297.136974 176.278898 96.0653875621338 1 0.0
296.909543 173.894717 96.0594212888794 1 0.0
296.992414 171.377348 96.05311409106444 1 0.0
297.051622 168.756648 96.04655027154541 1 0.0
293.910792 181.978848 96.07966263574218 1 0.0
291.053421 183.493083 96.0834558961792 1 0.0
288.488683 186.000132 96.08973345510864 1 0.0
285.741286 187.733099 96.09407391717531 1 0.0
293.888898 179.146034 96.07257003137207 1 0.0
294.135802 176.189292 96.06516332836914 1 0.0
294.086297 173.161805 96.05758463932037 1 0.0
294.258792 170.161733 96.0500720857544 1 0.0
294.448429 167.081095 96.042355340271 1 0.0
297.034111 166.113708 96.03993451098633 1 0.0
297.347602 163.67446 96.03382413742065 1 0.0
291.008735 180.640439 96.07630969232179 1 0.0
288.248314 182.633839 96.08130568841553 1 0.0
285.690712 184.429 96.08579797363282 1 0.0
291.158895 177.660943 96.06885367816162 1 0.0
291.3252 174.675722 96.06137570812987 1 0.0
291.470893 171.605471 96.05368495550536 1 0.0
291.775081 168.543053 96.04601413297272 1 0.0
292.211014 165.417403 96.03819204852294 1 0.0
294.579586 163.68002 96.03383809341432 1 0.0
296.916055 161.243028 96.02773829028321 1 0.0
297.044321 158.651259 96.02124491082763 1 0.0
288.299121 179.34306 96.07306307739258 1 0.0
285.626632 181.001206 96.07721249060059 1 0.0
288.47414 176.131718 96.06501925280762 1 0.0
288.699502 172.962917 96.05708541635894 1 0.0
288.985836 169.821327 96.04922023968507 1 0.0
289.423586 166.789886 96.04162660681152 1 0.0
289.927672 163.938758 96.03448754411316 1 0.0
291.978332 162.082136 96.02983810888671 1 0.0
294.147167 160.378681 96.02557438697052 1 0.0
294.220798 157.567385 96.01853257965088 1 0.0
296.876537 155.967858 96.01452985705566 1 0.0
297.219948 153.33278 96.00792809936523 1 0.0
285.741256 177.591861 96.0686808045044 1 0.0
285.968251 174.222865 96.06024246002198 1 0.0
286.273182 170.891434 96.05189811975097 1 0.0
286.692495 167.603326 96.04366219274903 1 0.0
287.320176 164.389759 96.03561958855438 1 0.0
288.980946 161.300444 96.02788197045899 1 0.0
297.314669 150.297995 96.00032609832763 1 0.0
291.0474 159.043519 96.02222651849365 1 0.0
291.785132 156.282308 96.01531674975584 1 0.0
294.017598 154.431688 96.01067805224609 1 0.0
294.962361 151.859892 96.00424228344727 1 0.0
286.100691 161.596335 96.02862242034912 1 0.0
287.688463 158.681033 96.02131941851806 1 0.0
297.135795 147.361994 95.99297892785644 1 0.0
294.591511 149.040751 95.99717991888429 1 0.0
289.037391 156.119388 96.01490905200195 1 0.0
290.811793 153.557472 96.00849037792969 1 0.0
292.389841 151.265135 96.00275214702606 1 0.0
297.006303 144.526282 95.98587509533691 1 0.0
286.171328 155.717849 96.01390422418213 1 0.0
294.286393 146.213062 95.99010160368348 1 0.0
291.782982 148.26229 95.99523186584473 1 0.0
287.85224 153.061084 96.00724819604491 1 0.0
289.603227 150.536869 96.00092414780427 1 0.0
296.926051 141.764794 95.97895902424621 1 0.0
294.085187 143.376184 95.98299704248046 1 0.0
285.003753 152.485766 97.49454949645991 1 0.0
291.414494 145.283363 95.9877696461792 1 0.0
288.969998 147.432635 95.99315570281983 1 0.0
286.815348 149.823201 95.99913795416259 1 0.0
296.87757 139.056159 95.97217880364991 1 0.0
293.954157 140.534205 95.97587752716065 1 0.0
291.174844 142.303524 95.98031127468872 1 0.0
288.574428 144.305114 95.98532163537598 1 0.0
286.200286 146.530827 95.99089898114013 1 0.0
296.842354 136.394636 95.96551086889649 1 0.0
293.869411 137.684591 95.96874031401825 1 0.0
291.017767 139.321131 95.9728418805542 1 0.0
288.308864 141.168562 95.97746496838379 1 0.0
285.791431 143.221626 95.9826102701416 1 0.0
296.828647 133.787549 95.958986786438 1 0.0
293.826327 134.813355 95.96155380584716 1 0.0
296.802192 131.264368 95.95266504443359 1 0.0
297.083484 128.860438 95.94664447099305 1 0.0
296.854103 126.468299 95.94065553338623 1 0.0
290.929086 136.336891 95.96536636541748 1 0.0
288.1343 138.036795 95.96962437099457 1 0.0
285.501898 139.916854 95.97433264245606 1 0.0
296.932141 123.960856 95.93437669085694 1 0.0
296.966913 121.358082 95.92785988537597 1 0.0
293.818642 131.900049 95.95425579888916 1 0.0
290.909925 133.34733 95.95788399940491 1 0.0
294.034847 128.893937 95.9467285558548 1 0.0
293.955669 125.863467 95.93914197674562 1 0.0
288.050465 134.919721 95.96181998052978 1 0.0
285.31124 136.628714 96.53237663537598 1 0.0
294.083125 122.883968 95.9316783256836 1 0.0
296.999165 118.716606 95.92124211706543 1 0.0
294.220124 119.881237 95.92415944651032 1 0.0
297.043004 116.142308 95.91479735818481 1 0.0
297.320385 113.735115 95.90876859832764 1 0.0
291.026946 130.334571 95.95033828192139 1 0.0
288.088218 131.814531 95.95404179510498 1 0.0
291.135599 127.359118 95.9428847557373 1 0.0
291.225736 124.321635 95.93528227169037 1 0.0
285.248345 133.36755 96.71289975303658 1 0.0
291.439927 121.291325 95.92769282989502 1 0.0
294.331554 116.774639 95.91638245843507 1 0.0
291.712132 118.22249 95.92000562072752 1 0.0
294.561944 113.559382 95.908328836792 1 0.0
297.039891 111.290201 95.90264874365998 1 0.0
288.205361 128.741194 95.94634516011047 1 0.0
285.318864 130.143386 96.49326785266108 1 0.0
288.372853 125.672788 95.93866481372072 1 0.0
288.597219 122.590099 95.93094293572999 1 0.0
288.92722 119.534048 95.92328797753906 1 0.0
291.912473 115.021077 95.9119866428833 1 0.0
289.343366 116.487966 95.91566498423768 1 0.0
297.046341 108.682358 95.89611674060058 1 0.0
292.023874 111.92392 95.90423618896484 1 0.0
294.413236 110.264031 95.90007478460693 1 0.0
285.501301 126.941601 95.94183994390869 1 0.0
285.762672 123.757257 95.93386564295196 1 0.0
286.091535 120.616632 95.92600445019531 1 0.0
286.510923 117.586335 95.91841368011475 1 0.0
289.368434 113.299961 95.90767965093994 1 0.0
287.038612 114.707517 95.91120197735596 1 0.0
289.396027 110.464055 95.90057533294679 1 0.0
297.006321 106.092323 95.88962770037841 1 0.0
297.231584 103.648975 95.88351336517333 1 0.0
294.341125 107.089417 95.89212736658479 1 0.0
291.875104 108.747702 95.89628026013183 1 0.0
286.295243 111.836448 95.90401729541016 1 0.0
296.972779 101.239725 95.87747672882081 1 0.0
287.123463 108.992826 95.89689366857911 1 0.0
289.405961 107.212606 95.89243657969665 1 0.0
294.405184 103.8593 95.88403969116212 1 0.0
291.833267 105.509116 95.88816825903321 1 0.0
296.946061 98.686127 95.87108649945068 1 0.0
294.144592 100.759741 95.87627559698487 1 0.0
286.573686 106.102528 95.88965323779297 1 0.0
289.023762 104.195295 95.8848804989624 1 0.0
291.581699 102.47217 95.88056826728821 1 0.0
296.926077 96.036121 95.86444738531495 1 0.0
296.942186 93.311382 95.85762125622558 1 0.0
296.987421 90.500891 95.85058816717529 1 0.0
294.04699 97.786099 95.86882878548431 1 0.0
291.319721 99.452906 95.87300531896972 1 0.0
286.155981 103.080064 95.88208969873047 1 0.0
288.702153 101.185774 95.87734171960449 1 0.0
294.021403 94.879741 95.86155361212158 1 0.0
294.076267 91.995925 95.85432940216064 1 0.0
294.200051 89.095066 95.84706708308411 1 0.0
297.035392 87.585432 95.84328477246095 1 0.0
291.189564 96.474285 95.86554386505127 1 0.0
288.465431 98.144845 95.86972926334381 1 0.0
285.852048 99.965878 95.87428900134277 1 0.0
291.174563 93.526526 95.85815984385681 1 0.0
291.283293 90.595718 95.85082546618652 1 0.0
291.481776 87.655791 95.84346084173585 1 0.0
294.247756 86.140541 95.83966901739501 1 0.0
297.086289 84.635289 95.83589561524201 1 0.0
288.343913 95.097816 95.86209933203125 1 0.0
285.660268 96.789929 95.86633374566651 1 0.0
288.369294 92.08431 95.85455058044434 1 0.0
288.556655 89.108823 95.84710161412812 1 0.0
288.89457 86.128151 95.839638012146 1 0.0
291.478133 84.610426 95.83583320735168 1 0.0
294.409491 83.223423 95.83236147113037 1 0.0
297.112954 81.647097 95.82841680767822 1 0.0
285.548335 93.590343 95.8583200290451 1 0.0
285.614273 90.499216 95.85058397558593 1 0.0
285.901325 87.541474 95.8431747701416 1 0.0
291.845118 81.77455 95.82873575134278 1 0.0
286.479565 84.706958 95.83607550950623 1 0.0
288.679938 82.860157 95.83145241925048 1 0.0
289.559113 80.215399 95.82483189598847 1 0.0
294.492898 80.192304 95.82477392590332 1 0.0
297.12381 78.646532 95.82090044018555 1 0.0
291.95931 78.649307 95.82090738446044 1 0.0
285.372363 82.087697 96.21243038336179 1 0.0
286.919835 79.658076 95.82343297579956 1 0.0
289.126655 77.372743 95.81771285784913 1 0.0
294.475608 77.117949 95.81707525079347 1 0.0
297.097944 75.642043 95.81337533681487 1 0.0
291.66896 75.692873 95.81350292371368 1 0.0
286.270739 76.578697 95.81572580426025 1 0.0
288.748072 74.479348 95.81046467700195 1 0.0
294.316786 74.147107 95.80963326336669 1 0.0
297.053743 72.662755 95.80591875946045 1 0.0
291.413098 72.780718 95.80621395495605 1 0.0
285.875455 73.457258 95.80790695666504 1 0.0
288.47993 71.52802 95.80307173599243 1 0.0
294.174532 71.237951 95.80234564154053 1 0.0
296.989608 69.728633 95.79856866168213 1 0.0
291.236853 69.878286 95.7989431595459 1 0.0
285.606418 70.300533 95.79999980792236 1 0.0
288.313692 68.551431 95.79562278265381 1 0.0
294.068291 68.359579 95.79514268426514 1 0.0
296.944431 66.86137 95.7913886316681 1 0.0
291.142022 66.975486 95.79167507090759 1 0.0
285.465422 67.134014 95.89580698741153 1 0.0
288.260006 65.572678 95.78816099841308 1 0.0
294.02371 65.498918 95.78797641833496 1 0.0
296.937318 64.048555 95.78434696990968 1 0.0
291.146278 64.066643 95.78439223406983 1 0.0
285.471954 63.977428 95.86830697875982 1 0.0
288.333929 62.613803 95.78074982595062 1 0.0
294.050755 62.640913 95.78081787397004 1 0.0
296.954485 61.258119 95.77735643792724 1 0.0
291.253767 61.138096 95.77705608740234 1 0.0
285.640704 60.84945 95.77633376770018 1 0.0
288.526553 59.700297 95.77345807965088 1 0.0
294.117151 59.760332 95.7736083137207 1 0.0
296.943604 58.461025 95.77035657672882 1 0.0
291.391222 58.145728 95.76956515893555 1 0.0
285.992079 57.751619 95.76857591744232 1 0.0
288.788625 56.849645 95.76631686065674 1 0.0
293.991312 56.844564 95.76630414575196 1 0.0
296.918638 55.715458 95.7634786241455 1 0.0
290.844408 54.982765 95.76164510284424 1 0.0
287.026061 54.735076 95.76102527563476 1 0.0
293.972941 54.132737 95.75951515558624 1 0.0
297.039401 52.970944 95.75660300927734 1 0.0
291.399565 52.247665 95.75479304595947 1 0.0
288.428946 52.323058 95.75498171252441 1 0.0
285.23639 52.184662 96.54546538464363 1 0.0
294.46837 51.380234 95.75262235070801 1 0.0
297.172002 50.039849 95.74926460511017 1 0.0
292.11449 49.615325 95.74819901981354 1 0.0
289.339748 49.50059 95.74791102684021 1 0.0
286.459333 49.408231 95.74767989935302 1 0.0
294.526748 48.432471 95.74523811712646 1 0.0
297.208232 47.101335 95.7419070272827 1 0.0
291.261036 46.963044 95.7415609621582 1 0.0
285.073246 46.383313 97.02037221929936 1 0.0
288.06157 46.69155 95.74088156433105 1 0.0
294.512537 45.794569 95.73863692193603 1 0.0
297.16911 44.215718 95.73467831042481 1 0.0
292.238697 44.402791 95.735146449646 1 0.0
289.545701 44.144235 95.73449942840577 1 0.0
286.746645 43.63457 95.73322402160645 1 0.0
294.61667 42.81798 95.73118055297851 1 0.0
297.161204 41.324202 95.72744111982726 1 0.0
291.755468 41.721372 95.72843635571289 1 0.0
288.923733 41.179892 95.72707889151002 1 0.0
286.134872 40.483097 95.72533001568603 1 0.0
294.338363 40.017071 95.72416381292726 1 0.0
297.046675 38.538375 95.7204634628296 1 0.0
291.453378 38.955952 95.72150842480468 1 0.0
288.611436 38.195557 95.71960558087159 1 0.0
285.840378 37.300568 95.71736592333984 1 0.0
294.180378 37.230544 95.71719069238281 1 0.0
296.998934 35.771002 95.7135327122345 1 0.0
291.307993 36.130218 95.71443436982727 1 0.0
288.480165 35.188803 95.71207372576905 1 0.0
285.735993 34.10608 95.70936427490234 1 0.0
294.127384 34.429281 95.71017306646729 1 0.0
296.988812 32.969061 95.70651895147705 1 0.0
291.269124 33.26279 95.70725399108886 1 0.0
288.463948 32.161435 95.70449533168792 1 0.0
285.757226 30.909966 95.70135855749511 1 0.0
294.126996 31.599268 95.70308425271607 1 0.0
296.998226 30.11308 95.69936439697265 1 0.0
291.278343 30.358303 95.69997805316163 1 0.0
288.497143 29.107043 95.69684684832764 1 0.0
285.828127 27.695495 95.69330839427948 1 0.0
294.135505 28.742288 95.69593407031249 1 0.0
296.998718 27.238255 95.6921626864624 1 0.0
291.298463 27.419658 95.69261663684082 1 0.0
288.547842 26.024713 95.68912586871338 1 0.0
285.918568 24.459107 95.6852080314331 1 0.0
294.133975 25.865997 95.68872869122315 1 0.0
296.984985 24.393247 95.68504322064209 1 0.0
291.325959 24.45197 95.6851901715088 1 0.0
288.616747 22.923563 95.68136102468108 1 0.0
286.030799 21.214268 95.67708038256836 1 0.0
294.13928 22.975324 95.6814909484558 1 0.0
296.987167 21.596769 95.67803756890868 1 0.0
286.171389 17.978981 95.66897663702395 1 0.0
291.375385 21.465389 95.67770879815674 1 0.0
288.715134 19.820309 95.67359208184814 1 0.0
294.168205 20.073537 95.67422577008057 1 0.0
297.000058 18.84976 95.67115837890626 1 0.0
286.340149 14.787031 95.66098896917725 1 0.0
288.859498 16.738928 95.66587347705078 1 0.0
291.462951 18.470029 95.67020545587158 1 0.0
294.229362 17.146701 95.66689390509032 1 0.0
297.023625 16.156647 95.6644163529663 1 0.0
286.67483 11.673128 95.65318897998047 1 0.0
289.101757 13.723383 95.65832132726288 1 0.0
291.621074 15.469006 95.66269557165528 1 0.0
285.654769 5.989187 95.63895372408294 1 0.0
287.192948 8.559069 95.64538860040282 1 0.0
294.344012 14.1529 95.65939944534301 1 0.0
297.061548 13.539708 95.65786029000856 1 0.0
289.411749 10.790298 95.65097974963379 1 0.0
291.901178 12.444259 95.65511869012451 1 0.0
286.545294 2.9382 95.6313150756836 1 0.0
297.341097 11.06313 95.65166249572754 1 0.0
288.525596 5.461084 95.63762844506837 1 0.0
289.826196 7.947944 95.64385929589844 1 0.0
294.612018 11.014926 95.65154186804199 1 0.0
292.119641 9.41049 95.64751923156737 1 0.0
289.249416 2.770275 95.63089485321044 1 0.0
287.511272 0.0 95.62395477294922 1 0.0
297.019699 8.556593 95.6453824043579 1 0.0
291.64159 5.920051 95.63878018782806 1 0.0
294.319855 7.785995 95.64345402801513 1 0.0
291.811177 3.009664 95.63149391015625 1 0.0
290.000118 0.0 95.62395477294922 1 0.0
297.120687 5.858958 95.63862684007263 1 0.0
294.401882 4.994031 95.63645967230224 1 0.0
294.454779 2.393144 95.62995110498046 1 0.0
292.500119 0.0 95.62395477294922 1 0.0
297.142792 2.992636 95.63145129858398 1 0.0
295.00012 0.0 95.62395477294922 1 0.0
297.488966 0.0 95.62395477294922 1 0.0
