105268.0
105272.0
105287.0
105288.0
105293.0
105294.0
105317.0
105318.0
105320.0
105321.0
105322.0
105323.0
105324.0
105350.0
105351.0
105352.0
105353.0
105354.0
105356.0
105357.0
105358.0
105359.0
105360.0
105390.0
105391.0
105392.0
105393.0
105394.0
105395.0
105398.0
105399.0
105400.0
105401.0
105402.0
105437.0
105438.0
105439.0
105440.0
105441.0
105446.0
105447.0
105448.0
105449.0
105484.0
105485.0
105486.0
105487.0
105488.0
105489.0
105490.0
105496.0
105497.0
105498.0
105548.0
105549.0
105550.0
105551.0
105552.0
105553.0
105554.0
105619.0
105620.0
105621.0
105622.0
105623.0
105624.0
105625.0
105697.0
105698.0
105699.0
105700.0
105701.0
105702.0
105771.0
105774.0
105775.0
105776.0
105777.0
105778.0
105850.0
105851.0
105854.0
105855.0
105856.0
105857.0
105868.0
105870.0
105928.0
105929.0
105932.0
105933.0
105934.0
105945.0
105948.0
105949.0
106011.0
106012.0
106015.0
106026.0
106027.0
106028.0
106029.0
106030.0
106031.0
106032.0
106033.0
106036.0
106092.0
106093.0
106106.0
106107.0
106108.0
106109.0
106110.0
106111.0
106112.0
106113.0
106114.0
106115.0
106117.0
106174.0
106185.0
106186.0
106187.0
106188.0
106189.0
106190.0
106191.0
106192.0
106193.0
106194.0
106196.0
106197.0
106264.0
106265.0
106267.0
106268.0
106269.0
106270.0
106271.0
106272.0
106274.0
106275.0
106340.0
106343.0
106344.0
106345.0
106346.0
106347.0
106350.0
106351.0
106352.0
106421.0
106423.0
106424.0
106425.0
106426.0
106427.0
106428.0
106499.0
106500.0
106501.0
106502.0
106503.0
106504.0
106572.0
106578.0
106580.0
106581.0
106582.0
106648.0
106649.0
106650.0
106651.0
106656.0
106658.0
106659.0
106723.0
106724.0
106725.0
106726.0
106727.0
106732.0
106734.0
106799.0
106800.0
106801.0
106802.0
106803.0
106804.0
106809.0
106875.0
106880.0
106881.0
106882.0
106883.0
106884.0
106885.0
106945.0
106946.0
106949.0
106950.0
106956.0
106960.0
106961.0
106962.0
106963.0
106964.0
107028.0
107029.0
107031.0
107032.0
107033.0
107034.0
107040.0
107044.0
107045.0
107109.0
107110.0
107113.0
107114.0
107115.0
107116.0
107122.0
107125.0
107190.0
107191.0
107194.0
107195.0
107196.0
107197.0
107198.0
107199.0
107205.0
107273.0
107274.0
107276.0
107277.0
107278.0
107279.0
107280.0
107281.0
107282.0
107357.0
107358.0
107359.0
107360.0
107361.0
107362.0
107363.0
107437.0
107439.0
107440.0
107441.0
107442.0
107443.0
107523.0
107524.0
107526.0
107527.0
107528.0
107599.0
107600.0
107601.0
107602.0
107603.0
107605.0
107610.0
107611.0
107613.0
107614.0
107687.0
107688.0
107689.0
107690.0
107692.0
107693.0
107694.0
107695.0
107698.0
107699.0
107701.0
107771.0
107772.0
107773.0
107775.0
107776.0
107777.0
107778.0
107779.0
107780.0
107783.0
107784.0
107854.0
107855.0
107856.0
107858.0
107859.0
107860.0
107861.0
107862.0
107863.0
107867.0
107937.0
107939.0
107940.0
107941.0
107942.0
107943.0
107944.0
107945.0
107946.0
108021.0
108024.0
108025.0
108026.0
108027.0
108028.0
108029.0
108102.0
108103.0
108106.0
108107.0
108108.0
108110.0
108187.0
108188.0
108189.0
108192.0
108193.0
108197.0
108198.0
108199.0
108201.0
108272.0
108273.0
108274.0
108277.0
108283.0
108284.0
108285.0
108286.0
108287.0
108358.0
108359.0
108360.0
108367.0
108368.0
108369.0
108370.0
108371.0
108372.0
108447.0
108448.0
108454.0
108455.0
108456.0
108457.0
108458.0
108459.0
108460.0
108461.0
108463.0
108541.0
108547.0
108548.0
108549.0
108550.0
108551.0
108552.0
108553.0
108554.0
108555.0
108556.0
108558.0
108645.0
108646.0
108649.0
108650.0
108651.0
108652.0
108653.0
108655.0
108656.0
108657.0
108658.0
108659.0
108740.0
108741.0
108745.0
108746.0
108747.0
108750.0
108751.0
108752.0
108753.0
108754.0
108838.0
108842.0
108843.0
108844.0
108846.0
108847.0
108848.0
108849.0
108850.0
108851.0
108852.0
108938.0
108941.0
108942.0
108943.0
108944.0
108945.0
108946.0
108947.0
108948.0
109036.0
109037.0
109038.0
109039.0
109041.0
109043.0
109044.0
109047.0
109136.0
109137.0
109138.0
109139.0
109144.0
109145.0
109146.0
109239.0
109240.0
109243.0
109244.0
109245.0
109250.0
109251.0
109252.0
109340.0
109343.0
109344.0
109347.0
109348.0
109353.0
109354.0
109355.0
109441.0
109442.0
109443.0
109446.0
109447.0
109449.0
109454.0
109455.0
109456.0
109543.0
109544.0
109546.0
109547.0
109548.0
109551.0
109557.0
109558.0
109641.0
109642.0
109643.0
109644.0
109645.0
109647.0
109648.0
109649.0
109651.0
109735.0
109736.0
109737.0
109738.0
109739.0
109740.0
109742.0
109743.0
109744.0
109829.0
109830.0
109831.0
109832.0
109833.0
109834.0
109835.0
109837.0
109838.0
109921.0
109922.0
109923.0
109924.0
109925.0
109926.0
109927.0
109928.0
110012.0
110013.0
110014.0
110015.0
110016.0
110017.0
110018.0
110099.0
110100.0
110101.0
110102.0
110103.0
110104.0
110180.0
110185.0
110186.0
110187.0
110188.0
110189.0
110269.0
110270.0
110275.0
110276.0
110277.0
110278.0
110289.0
110290.0
110291.0
110292.0
110293.0
110294.0
110355.0
110356.0
110361.0
110362.0
110373.0
110374.0
110375.0
110376.0
110377.0
110378.0
110379.0
110440.0
110441.0
110446.0
110456.0
110457.0
110458.0
110459.0
110460.0
110461.0
110462.0
110463.0
110523.0
110524.0
110538.0
110539.0
110540.0
110541.0
110542.0
110545.0
110546.0
110547.0
110548.0
110549.0
110604.0
110617.0
110618.0
110619.0
110620.0
110621.0
110623.0
110624.0
110625.0
110626.0
110627.0
110697.0
110698.0
110699.0
110700.0
110701.0
110702.0
110703.0
110771.0
110773.0
110774.0
110775.0
110776.0
110777.0
110838.0
110842.0
110844.0
110845.0
110846.0
110847.0
110906.0
110907.0
110911.0
110914.0
110915.0
110964.0
110975.0
110976.0
110980.0
110983.0
111031.0
111032.0
111033.0
111034.0
111035.0
111042.0
111043.0
111047.0
111050.0
111052.0
111101.0
111102.0
111103.0
111104.0
111110.0
111111.0
111117.0
111118.0
111119.0
111120.0
111121.0
111166.0
111167.0
111168.0
111169.0
111175.0
111181.0
111182.0
111183.0
111185.0
111186.0
111227.0
111228.0
111229.0
111230.0
111241.0
111242.0
111243.0
111246.0
111247.0
111248.0
111287.0
111289.0
111290.0
111300.0
111301.0
111302.0
111304.0
111305.0
111306.0
111307.0
111308.0
111357.0
111359.0
111360.0
111361.0
111362.0
111363.0
111414.0
111415.0
111416.0
111417.0
111418.0
111419.0
111420.0
111440.0
111470.0
111471.0
111472.0
111473.0
111474.0
111475.0
111495.0
111496.0
111521.0
111522.0
111523.0
111524.0
111525.0
111526.0
111546.0
111547.0
111570.0
111571.0
111572.0
111573.0
111574.0
111575.0
111595.0
111596.0
111617.0
111618.0
111619.0
111620.0
111621.0
111622.0
111623.0
111643.0
111644.0
111666.0
111667.0
111668.0
111669.0
111689.0
111690.0
111710.0
111712.0
111713.0
111732.0
111733.0
111750.0
111752.0
111753.0
111772.0
111773.0
111788.0
111790.0
111791.0
111810.0
111811.0
111824.0
111826.0
111827.0
111845.0
111846.0
111859.0
111861.0
111862.0
111879.0
111880.0
111892.0
111894.0
111895.0
111911.0
111912.0
111923.0
111925.0
111926.0
111940.0
111941.0
111952.0
111954.0
111967.0
111968.0
111980.0
111981.0
111982.0
111994.0
111995.0
112000.0
112006.0
112007.0
112018.0
112019.0
112023.0
112029.0
112030.0
112040.0
112041.0
112045.0
112046.0
112053.0
112062.0
112063.0
112066.0
112067.0
112074.0
112082.0
112083.0
112087.0
112088.0
112094.0
112101.0
112102.0
112106.0
112107.0
112112.0
112118.0
112119.0
112124.0
112125.0
112129.0
112135.0
112136.0
112140.0
112141.0
112144.0
112150.0
112151.0
112155.0
112156.0
112158.0
112164.0
112165.0
112169.0
112170.0
112171.0
112177.0
112178.0
112181.0
112182.0
112183.0
112189.0
112190.0
112192.0
112193.0
112194.0
112200.0
112201.0
112202.0
112203.0
112204.0
112208.0
112209.0
112210.0
112211.0
112212.0
112213.0
112214.0
112217.0
112218.0
112219.0
112220.0
112221.0
112222.0
112223.0
112225.0
112226.0
112227.0
112228.0
112229.0
112231.0
112232.0
112233.0
112234.0
112236.0
112237.0
112239.0
