190401
190402
190403
190404
190405
190408
190409
190411
190413
190416
190417
190420
190421
190423
190425
190428
190429
190432
190433
190436
190437
190440
190441
190444
190445
190447
190449
190452
190453
190456
190457
190460
190461
190464
190465
190468
190469
190472
190473
190476
190477
190480
190481
190484
190485
190488
190489
190492
190493
190495
190497
190500
190501
190504
190505
190508
190509
190512
190513
190516
190517
190520
190521
190524
190525
190528
190529
190532
190533
190536
190537
190540
190541
190544
190545
190548
190549
190552
190553
190556
190557
190560
190561
190564
190565
190568
190569
190572
190573
190576
190577
190580
190581
190584
190585
190588
190589
190591
190592
190594
190595
190598
190599
190602
190603
190687
190783
190784
190975
190976
191167
191168
191359
191360
191551
191552
191743
191744
191935
191936
192223
192224
192319
192320
192703
192704
192895
192896
193087
193088
193279
193280
193471
193472
193663
193664
193855
193856
194047
194048
194239
194240
194431
194432
194623
194624
194815
194816
195007
195008
195199
195200
195391
195392
195583
195584
195775
195776
195967
195968
196159
196160
196351
196352
196543
196544
196735
196736
196927
196928
197119
197120
197311
197312
197503
197504
197695
197696
197887
197888
198079
198080
198463
198464
198655
198656
198847
198848
199039
199040
199231
199232
199423
199424
199615
199616
199807
199808
199999
200000
200191
200192
200383
200384
200575
200576
200767
200768
200959
200960
201151
201152
201343
201344
201535
201536
201735
201753
201756
201762
201768
201772
201774
201781
201786
201788
201795
201801
201803
201806
201808
201810
201811
201814
201815
201819
201821
201827
201830
201831
201833
201840
201842
201843
201845
201848
201849
201850
201853
201854
201857
201861
201864
201865
201867
201870
201873
201874
201876
201879
201880
201883
201884
201886
201887
201892
201893
201897
201898
201899
201900
201907
201912
201914
201916
201919
201920
201922
201923
201925
201927
201928
201930
201931
201932
201933
201934
201935
201936
201937
201938
201940
201941
201942
201943
201946
201947
201948
201949
201950
201951
201952
201953
201954
201956
201958
201959
201960
201961
201962
201963
201964
201965
201966
201967
201968
201970
201971
201972
201973
201974
201975
201976
201977
201978
201979
201980
201981
201982
201983
201984
201985
201986
201987
201988
201989
201990
201991
201992
201993
201994
201995
201996
201997
201998
201999
202000
202001
202002
202003
202004
202005
202006
202007
202008
202009
202010
202011
202012
202013
202014
202015
202016
202017
202018
202019
202020
202021
202022
202023
202024
202025
202026
202027
202028
202029
202030
202031
202032
202033
202034
202035
202036
202037
202038
202039
202040
202041
202042
202043
202044
202045
202046
202047
202048
202049
202050
202051
202052
202053
202054
202055
202056
202057
202058
202059
202060
202061
202062
202063
202064
202065
202066
202067
202068
202069
202070
202071
202072
202073
202074
202075
202076
202077
202078
202079
202080
202081
202082
202083
202084
202085
202086
202087
202088
202089
202090
202091
202092
202093
202094
202095
202096
202097
202098
202099
202100
202101
202102
202103
202104
202105
202106
202107
202108
202109
202110
202111
202112
202113
202114
202115
202116
202117
202118
202119
202120
202121
202122
202123
202124
202125
202126
202127
202128
202129
202130
202131
202132
202133
202134
202135
202136
202137
202138
202139
202140
202141
202142
202143
202144
202145
202146
202147
202148
202149
202150
202151
202152
202153
202154
202155
202156
202157
202158
202159
202160
202161
202162
202163
202164
202165
202166
202167
202168
202169
202170
202171
202172
202173
202174
202175
202176
202177
202178
202179
202180
202181
202182
202183
202184
202185
202186
202187
202188
202189
202190
202191
202192
202193
202194
202195
202196
202197
202198
202199
202200
202201
202202
202203
202204
202205
202206
202207
202208
202209
202210
202211
202212
202213
202214
202215
202216
202217
202218
202219
202220
202221
202222
202223
202224
202225
202226
202227
202228
202229
202230
202231
202232
202233
202234
202235
202236
202237
202238
202239
202240
202241
202242
202243
202244
202245
202246
202247
202248
202249
202250
202251
202252
202253
202254
202255
202256
202257
202258
202259
202260
202261
202262
202263
202264
202265
202266
202267
202268
202269
202270
202271
202272
202273
202274
202275
202276
202277
202278
202279
202280
202281
202282
202283
202284
202285
202286
202287
202288
202289
202290
202291
202292
202293
202294
202295
202296
202297
202298
202299
202300
202301
202302
202303
202304
202305
202306
202307
202308
202309
202310
202311
202312
202313
202314
202315
202316
202317
202318
202319
202320
202321
202322
202323
202324
202325
202326
202327
202328
202329
202330
202331
202332
202333
202334
202335
202336
202337
202338
202339
202340
202341
202342
202343
202344
202345
202346
202347
202348
202349
202350
202351
202352
202353
202354
202355
202356
202357
202358
202359
202360
202361
202362
202363
202364
202365
202366
202367
202368
202369
202370
202371
202372
202373
202374
202375
202376
202377
202378
202379
202380
202381
202382
202383
202384
202385
202386
202387
202388
202389
202390
202391
202392
202393
202394
202395
202396
202397
202398
202399
202400
202401
202402
202403
202404
202405
202406
202407
202408
202409
202410
202411
202412
202413
202414
202415
202416
202417
202418
202419
202420
202421
202422
202423
202424
202425
202426
202427
202428
202429
202430
202431
202432
202433
202434
202435
202436
202437
202438
202439
202440
202441
202442
202443
202444
202445
202446
202447
202448
202449
202450
202451
202452
202453
202454
202455
202456
202457
202458
202459
202460
202461
202462
202463
202464
202465
202466
202467
202468
202469
202470
202471
202472
202473
202474
202475
202476
202477
202478
202479
202480
202481
202482
202483
202484
202485
202486
202487
202488
202489
202490
202491
202492
202493
202494
202495
202496
202497
202498
202499
202500
202501
202502
202503
202504
202505
202506
202507
202508
202509
202510
202511
202512
202513
202514
202515
202516
202517
202518
202519
202520
202521
202522
202523
202524
202525
202526
202527
202528
202529
202530
202531
202532
202533
202534
202535
202536
202537
202538
202539
202540
202541
202542
202543
202544
202545
202546
202547
202548
202549
202550
202551
202552
202553
202554
202555
202556
202557
202558
202559
202560
202561
202562
202563
202564
202565
202566
202567
202568
202569
202570
202571
202572
202573
202574
202575
202576
202577
202578
202579
202580
202581
202582
202583
202584
202585
202586
202587
202588
202589
202590
202591
202592
202593
202594
202595
202596
202597
202598
202599
202600
202601
202602
202603
202604
202605
202606
202607
202608
202609
202610
202611
202612
202613
202614
202615
202616
202617
202618
202619
202620
202621
202622
202623
202624
202625
202626
202627
202628
202629
202630
202631
202632
202633
202634
202635
202636
202637
202638
202639
202640
202641
202642
202643
202644
202645
202646
202647
202648
202649
202650
202651
202652
202653
202654
202655
202656
202657
202658
202659
202660
202661
202662
202663
202664
202665
202666
202667
202668
202669
202670
202671
202672
202673
202674
202675
202676
202677
202678
202679
202680
202681
202682
202683
202684
202685
202686
202687
202688
202689
202690
202691
202692
202693
202694
202695
202696
202697
202698
202699
202700
202701
202702
202703
202704
202705
202706
202707
202708
202709
202710
202711
202712
202713
202714
202715
202716
202717
202718
202719
202720
202721
202722
202723
202724
202725
202726
202727
202728
202729
202730
202731
202732
202733
202734
202735
202736
202737
202738
202739
202740
202741
202742
202743
202744
202745
202746
202747
202748
202749
202750
202751
202752
202753
202754
202755
202756
202757
202758
202759
202760
202761
202762
202763
202764
202765
202766
202767
202768
202769
202770
202771
202772
202773
202774
202775
202776
202777
202778
202779
202780
202781
202782
202783
202784
202785
202786
202787
202788
202789
202790
202791
202792
202793
202794
202795
202796
202797
202798
202799
202800
202801
202802
202803
202804
202805
202806
202807
202808
202809
202810
202811
202812
202813
202814
202815
202816
202817
202818
202819
202820
202821
202822
202823
202824
202825
202826
202827
202828
202829
202830
202831
202832
202833
202834
202835
202836
202837
202838
202839
202840
202841
202842
202843
202844
202845
202846
202847
202848
202849
202850
202851
202852
202853
202854
202855
202856
202857
202858
202859
202860
202861
202862
202863
202864
202865
202866
202867
202868
202869
202870
202871
202872
202873
202874
202875
202876
202877
202878
202879
202880
202881
202882
202883
202884
202885
202886
202887
202888
202889
202890
202891
202892
202893
202894
202895
202896
202897
202898
202899
202900
202901
202902
202903
202904
202905
202906
202907
202908
202909
202910
202911
202912
202913
202914
202915
202916
202917
202918
202919
202920
202921
202922
202923
202924
202925
202926
202927
202928
202929
202930
202931
202932
202933
202934
202935
202936
202937
202938
202939
202940
202941
202942
202943
202944
202945
202946
202947
202948
202949
202950
202951
202952
202953
202954
202955
202956
202957
202958
202959
202960
202961
202962
202963
202964
202965
202966
202967
202968
202969
202970
202971
202972
202973
202974
202975
202976
202977
202978
202979
202980
202981
202982
202983
202984
202985
202986
202987
202988
202989
202990
202991
202992
202993
202994
202995
202996
202997
202998
202999
203000
203001
203002
203003
203004
203005
203006
203007
203008
203009
203010
203011
203012
203013
203014
203015
203016
203017
203018
203019
203020
203021
203022
203023
203024
203025
203026
203027
203028
203029
203030
203031
203032
203033
203034
203035
203036
203037
203038
203039
203040
203041
203042
203043
203044
203045
203046
203047
203048
203049
203050
203051
203052
203053
203054
203055
203056
203057
203058
203059
203060
203061
203062
203063
203064
203065
203066
203067
203068
203069
203070
203071
203072
203073
203074
203075
203076
203077
203078
203079
203080
203081
203082
203083
203084
203085
203086
203087
203088
203089
203090
203091
203092
203093
203094
203095
203096
203097
203098
203099
203100
203101
203102
203103
203104
203105
203106
203107
203108
203109
203110
203111
203112
203113
203114
203115
203116
203117
203118
203119
203120
203121
203122
203123
203124
203125
203126
203127
203128
203129
203130
203131
203132
203133
203134
203135
203136
203137
203138
203139
203140
203141
203142
203143
203144
203145
203146
203147
203148
203149
203150
203151
203152
203153
203154
203155
203156
203157
203158
203159
203160
203161
203162
203163
203164
203165
203166
203167
203168
203169
203170
203171
203172
203173
203174
203175
203176
203177
203178
203179
203180
203181
203182
203183
203184
203185
203186
203187
203188
203189
203190
203191
203192
203193
203194
203195
203196
203197
203198
203199
203200
203201
203202
203203
203204
203205
203206
203207
203208
203209
203210
203211
203212
203213
203214
203215
203216
203217
203218
203219
203220
203221
203222
203223
203224
203225
203226
203227
203228
203229
203230
203231
203232
203233
203234
203235
203236
203237
203238
203239
203240
203241
203242
203243
203244
203245
203246
203247
203248
203249
203250
203251
203252
203253
203254
203255
203256
203257
203258
203259
203260
203261
203262
203263
203264
203265
203266
203267
203268
203269
203270
203271
203272
203273
203274
203275
203276
203277
203278
203279
203280
203281
203282
203283
203284
203285
203286
203287
203288
203289
203290
203291
203292
203293
203294
203295
203296
203297
203298
203299
203300
203301
203302
203303
203304
203305
203306
203307
203308
203309
203310
203311
203312
203313
203314
203315
203316
203317
203318
203319
203320
203321
203322
203323
203324
203325
203326
203327
203328
203329
203330
203331
203332
203333
203334
203335
203336
203337
203338
203339
203340
203341
203342
203343
203344
203345
203346
203347
203348
203349
203350
203351
203352
203353
203354
203355
203356
203357
203358
203359
203360
203361
203362
203363
203364
203365
203366
203367
203368
203369
203370
203371
203372
203373
203374
203375
203376
203377
203378
203379
203380
203381
203382
203383
203384
203385
203386
203387
203388
203389
203390
203391
203392
203393
203394
203395
203396
203397
203398
203399
203400
203401
203402
203403
203404
203405
203406
203407
203408
203409
203410
203411
203412
203413
203414
203415
203416
203417
203418
203419
203420
203421
203422
203423
203424
203425
203426
203427
203428
203429
203430
203431
203432
203433
203434
203435
203436
203437
203438
203439
203440
203441
203442
203443
203444
203445
203446
203447
203448
203449
203450
203451
203452
203453
203454
203455
203456
203457
203458
203459
203460
203461
203462
203463
203464
203465
203466
203467
203468
203469
203470
203471
203472
203473
203474
203475
203476
203477
203478
203479
203480
203481
203482
203483
203484
203485
203486
203487
203488
203489
203490
203491
203492
203493
203494
203495
203496
203497
203498
203499
203500
203501
203502
203503
203504
203505
203506
203507
203508
203509
203510
203511
203512
203513
203514
203515
203516
203517
203518
203519
203520
203521
203522
203523
203524
203525
203526
203527
203528
203529
203530
203531
203532
203533
203534
203535
203536
203537
203538
203539
203540
203541
203542
203543
203544
203545
203546
203547
203548
203549
203550
203551
203552
203553
203554
203555
203556
203557
203558
203559
203560
203561
203562
203563
203564
203565
203566
203567
203568
203569
203570
203571
203572
203573
203574
203575
203576
203577
203578
203579
203580
203581
203582
203583
203584
203585
203586
203587
203588
203589
203590
203591
203592
203593
203594
203595
203596
203597
203598
203599
203600
203601
203602
203603
203604
203605
203606
203607
203608
203609
203610
203611
203612
203613
203614
203615
203616
203617
203618
203619
203620
203621
203622
203623
203624
203625
203626
203627
203628
203629
203630
203631
203632
203633
203634
203635
203636
203637
203638
203639
203640
203641
203642
203643
203644
203645
203646
203647
203648
203649
203650
203651
203652
203653
203654
203655
203656
203657
203658
203659
203660
203661
203662
203663
203664
203665
203666
203667
203668
203669
203670
203671
203672
203673
203674
203675
203676
203677
203678
203679
203680
203681
203682
203683
203684
203685
203686
203687
203688
203689
203690
203691
203692
203693
203694
203695
203696
203697
203698
203699
203700
203701
203702
203703
203704
203705
203706
203707
203708
203709
203710
203711
203712
203713
203714
203715
203716
203717
203718
203719
203720
203721
203722
203723
203724
203725
203726
203727
203728
203729
203730
203731
203732
203733
203734
203735
203736
203737
203738
203739
203740
203741
203742
203743
203744
203745
203746
203747
203748
203749
203750
203751
203752
203753
203754
203755
203756
203757
203758
203759
203760
203761
203762
203763
203764
203765
203766
203767
203768
203769
203770
203771
203772
203773
203774
203775
203776
203777
203778
203779
203780
203781
203782
203783
203784
203785
203786
203787
203788
203789
203790
203791
203792
203793
203794
203795
203796
203797
203798
203799
203800
203801
203802
203803
203804
203805
203806
203807
203808
203809
203810
203811
203812
203813
203814
203815
203816
203817
203818
203819
203820
203821
203822
203823
203824
203825
203826
203827
203828
203829
203830
203831
203832
203833
203834
203835
203836
203837
203838
203839
203840
203841
203842
203843
203844
203845
203846
203847
203848
203849
203850
203851
203852
203853
203854
203855
203856
203857
203858
203859
203860
203861
203862
203863
203864
203865
203866
203867
203868
203869
203870
203871
203872
203873
203874
203875
203876
203877
203878
203879
203880
203881
203882
203883
203884
203885
203886
203887
203888
203889
203890
203891
203892
203893
203894
203895
203896
203897
203898
203899
203900
203901
203902
203903
203904
203905
203906
203907
203908
203909
203910
203911
203912
203913
203914
203915
203916
203917
203918
203919
203920
203921
203922
203923
203924
203925
203926
203927
203928
203929
203930
203931
203932
203933
203934
203935
203936
203937
203938
203939
203940
203941
203942
203943
203944
203945
203946
203947
203948
203949
203950
203951
203952
203953
203954
203955
203956
203957
203958
203959
203960
203961
203962
203963
203964
203965
203966
203967
203968
203969
203970
203971
203972
203973
203974
203975
203976
203977
203978
203979
203980
