94.095061431
94.095061431
94.095061431
94.095061431
94.095061431
94.095061431
94.095061431
94.095061431
94.095061431
94.095061431
94.095061431
94.095061431
94.095061431
94.095061431
94.095061431
94.095061431
95.119564307
95.434020045
95.575952378
95.635511172
95.653301895
95.659168095
95.661893878
95.663191626
95.663813322
95.664113426
95.664259233
95.664330423
95.664365386
95.66438264
95.664391195
95.664395466
95.664397617
95.664398704
95.664399215
95.664399318
95.664399388
95.664399429
95.664399544
95.664399563
95.664399583
95.664399604
95.664399624
95.664399643
95.66439965
95.664399667
95.664399683
95.664399699
95.664399713
95.664399725
95.664399735
95.664399744
95.66439975
95.664399751
95.664399753
95.664399754
95.664399755
95.664399757
95.664399758
95.66439976
95.664399761
95.664399762
95.664399764
95.664399765
95.664399767
95.664399768
94.563031772
94.35516046
94.233455602
94.171177412
94.139106069
94.121916196
94.112205392
94.106445561
94.102869858
94.100554568
94.099005404
94.097937181
94.097182885
94.09664043
94.096244743
94.095952853
94.095735812
94.095573314
94.095451076
94.095358705
94.095288682
94.095235444
94.09519489
94.095163922
94.095140238
94.095122098
94.095108183
94.095097505
94.095089293
94.095082964
