94.51322757
94.51322757
94.51322757
94.51322757
94.51322757
94.51322757
94.51322757
94.51322757
94.51322757
94.51322757
94.513227571
94.513227571
94.513227571
94.513227571
94.513227571
94.513227571
95.486125065
95.757931229
95.871463492
95.912893287
95.925536975
95.929899694
95.931962399
95.932933361
95.933394036
95.933614033
95.933719911
95.933771066
95.933795979
95.93380817
95.933814164
95.933817144
95.933818654
95.933819365
95.933819758
95.933819815
95.933819861
95.933819893
95.933819972
95.933819998
95.933820016
95.933820036
95.933820054
95.933820071
95.933820078
95.933820093
95.933820108
95.933820121
95.933820133
95.933820144
95.933820152
95.93382016
95.933820165
95.933820167
95.933820168
95.933820169
95.933820171
95.933820172
95.933820173
95.933820174
95.933820176
95.933820177
95.933820178
95.933820179
95.93382018
95.933820182
94.923796621
94.736429339
94.638319315
94.583477715
94.554039664
94.538043281
94.529012079
94.523662635
94.52035235
94.518218864
94.51679616
94.515818763
94.515132003
94.514639906
94.514282463
94.514019694
94.513825054
94.513679774
94.513570867
94.513488813
94.513426802
94.513379773
94.513344018
94.513316805
94.513296056
94.51328017
94.513268022
94.513258736
94.513251609
94.513246116
