94.238059086
94.238059086
94.238059086
94.238059086
94.238059086
94.238059086
94.238059086
94.238059086
94.238059086
94.238059086
94.238059086
94.238059086
94.238059087
94.238059087
94.238059087
94.238059087
95.560315833
95.928515313
96.086971115
96.144980428
96.162734508
96.168841555
96.171716904
96.17307341
96.173716833
96.174024146
96.174171886
96.17424332
96.174278066
96.174295043
96.174303388
96.174307525
96.174309602
96.174310612
96.174311082
96.174311173
96.174311237
96.174311278
96.174311384
96.174311413
96.174311435
96.174311458
96.17431148
96.1743115
96.174311508
96.174311526
96.174311545
96.174311562
96.174311578
96.174311591
96.174311602
96.174311612
96.174311619
96.17431162
96.174311622
96.174311624
96.174311625
96.174311627
96.174311628
96.17431163
96.174311632
96.174311633
96.174311635
96.174311636
96.174311638
96.174311639
94.774362477
94.525741087
94.392905954
94.323670636
94.28766973
94.268293848
94.25733588
94.250835513
94.246806992
94.244202487
94.242461422
94.241263609
94.240418993
94.239812806
94.239371381
94.239046313
94.238804986
94.2386246
94.238489074
94.238386804
94.238309369
94.238250587
94.238205828
94.238171689
94.238145612
94.238125654
94.238110353
94.238098626
94.238089608
94.238082668
