94.543958747
94.543958747
94.543958747
94.543958747
94.543958747
94.543958747
94.543958747
94.543958747
94.543958747
94.543958747
94.543958747
94.543958747
94.543958747
94.543958747
94.543958748
94.543958748
95.735422067
96.136998956
96.302580234
96.362752951
96.38169682
96.388298118
96.391380993
96.392827466
96.393510232
96.393834986
96.393990507
96.394065479
96.394101826
96.394119526
96.394128206
96.394132498
96.394134657
96.394135684
96.39413616
96.394136255
96.39413632
96.394136361
96.394136468
96.394136499
96.394136522
96.394136545
96.394136568
96.39413659
96.394136598
96.394136617
96.394136636
96.394136654
96.394136671
96.394136685
96.394136697
96.394136708
96.394136715
96.394136717
96.394136718
96.39413672
96.394136722
96.394136723
96.394136725
96.394136727
96.394136728
96.39413673
96.394136732
96.394136733
96.394136735
96.394136736
95.108512814
94.846626656
94.708196234
94.634756087
94.596447901
94.575855263
94.564244986
94.557376494
94.553126515
94.550384831
94.548555143
94.547298616
94.54641461
94.5457813
94.545320821
94.544982226
94.544731197
94.544543827
94.544403203
94.544297204
94.544217026
94.544156235
94.544109977
94.544074722
94.544047812
94.544027237
94.54401147
94.543999391
94.543990106
94.543982968
