94.978606303
94.978606303
94.978606304
94.978606304
94.978606304
94.978606304
94.978606305
94.978606305
94.978606305
94.978606305
94.978606306
94.978606306
94.978606306
94.978606307
94.978606307
94.978606307
96.12401442
96.451911765
96.569389102
96.61342826
96.627794469
96.632930517
96.635293475
96.636390488
96.636905202
96.637148762
96.637264979
96.637320818
96.63734782
96.63736094
96.637367362
96.63737054
96.637372141
96.637372881
96.637373335
96.637373367
96.637373422
96.637373454
96.637373537
96.637373565
96.637373585
96.637373607
96.637373628
96.637373647
96.637373656
96.637373673
96.63737369
96.637373705
96.63737372
96.637373732
96.637373742
96.637373751
96.637373757
96.637373758
96.63737376
96.637373761
96.637373763
96.637373764
96.637373766
96.637373767
96.637373769
96.63737377
96.637373772
96.637373773
96.637373775
96.637373776
95.435900948
95.218191064
95.11279273
95.054105592
95.022514919
95.005275674
94.995527451
94.989766989
94.9862061
94.983915399
94.982390517
94.98134592
94.980613821
94.980091136
94.979712473
94.979435041
94.97923005
94.979077531
94.978963389
94.978877608
94.978812892
94.978763978
94.978726807
94.978698551
94.978677041
94.978660626
94.978648065
94.978638472
94.978631104
94.978625449
