95.120984061
95.120984061
95.120984061
95.120984061
95.120984061
95.120984061
95.120984061
95.120984061
95.120984061
95.120984061
95.120984061
95.120984061
95.120984061
95.120984061
95.120984062
95.120984062
96.17276618
96.590134628
96.741422338
96.797958317
96.816851277
96.823644654
96.826736376
96.82816796
96.828837646
96.829153762
96.829304153
96.829376274
96.829411045
96.829427894
96.829436114
96.829440165
96.829442204
96.829443152
96.829443632
96.829443705
96.829443763
96.829443799
96.829443897
96.829443926
96.829443949
96.829443972
96.829443995
96.829444016
96.829444024
96.829444043
96.829444063
96.829444081
96.829444098
96.829444112
96.829444124
96.829444135
96.829444142
96.829444144
96.829444145
96.829444147
96.829444149
96.82944415
96.829444152
96.829444154
96.829444156
96.829444157
96.829444159
96.829444161
96.829444162
96.829444164
95.678550186
95.401334572
95.278682591
95.209510444
95.172343012
95.152112174
95.140691158
95.133951827
95.129796352
95.127126297
95.125353057
95.12414173
95.123294211
95.122690354
95.122253498
95.121933891
95.121698053
95.121522876
95.121391946
95.121293655
95.121219586
95.121163655
95.121121229
95.121088988
95.121064453
95.121045758
95.121031461
95.121020535
95.121012153
95.121005726
