95.573091676
95.573091676
95.573091676
95.573091676
95.573091677
95.573091677
95.573091677
95.573091677
95.573091677
95.573091678
95.573091678
95.573091678
95.573091678
95.573091678
95.573091679
95.573091679
96.497665406
96.830929135
96.94340297
96.987103022
97.001988161
97.007401221
97.009844403
97.010970411
97.011495919
97.011743498
97.011861162
97.011917546
97.011944702
97.011957858
97.011964281
97.011967454
97.01196905
97.011969802
97.011970225
97.011970276
97.011970325
97.011970356
97.011970436
97.011970462
97.011970482
97.011970504
97.011970525
97.011970544
97.011970553
97.01197057
97.011970587
97.011970603
97.011970618
97.01197063
97.01197064
97.01197065
97.011970656
97.011970657
97.011970659
97.01197066
97.011970662
97.011970664
97.011970665
97.011970667
97.011970668
97.01197067
97.011970671
97.011970673
97.011970674
97.011970676
96.019644415
95.796125052
95.695454844
95.641734283
95.612934624
95.597254515
95.588366512
95.58313142
95.579902149
95.577830229
95.576454884
95.575516292
95.574861482
95.574396442
95.574060648
95.573815619
95.573635141
95.573501341
95.573401448
95.573326578
95.573270221
95.573227758
95.573195543
95.573171088
95.5731525
95.573138358
95.573127537
95.573119282
95.573112944
95.573108092
