96.270671133
96.270671133
96.270671133
96.270671133
96.270671134
96.270671134
96.270671134
96.270671134
96.270671134
96.270671134
96.270671134
96.270671134
96.270671134
96.270671134
96.270671134
96.270671134
96.960860437
97.300421
97.416608972
97.463730666
97.480554616
97.486717804
97.489433187
97.490672695
97.491247842
97.491517744
97.49164555
97.491706617
97.491735941
97.491750102
97.491757005
97.49176039
97.491762066
97.491762904
97.491763292
97.491763347
97.491763393
97.491763421
97.491763499
97.491763521
97.49176354
97.49176356
97.491763578
97.491763596
97.491763603
97.491763619
97.491763636
97.491763651
97.491763666
97.491763678
97.491763688
97.491763698
97.491763704
97.491763705
97.491763707
97.491763708
97.49176371
97.491763711
97.491763712
97.491763714
97.491763715
97.491763717
97.491763718
97.49176372
97.491763721
97.491763722
96.715631614
96.498707295
96.394955551
96.339833185
96.310529057
96.29468639
96.285763193
96.280530344
96.27732244
96.275276692
96.273925077
96.27300749
96.272369938
96.271918767
96.271594571
96.27135919
96.271186397
96.271058704
96.27096363
96.270892531
96.270839144
96.270798977
96.270768613
96.270745576
96.27072808
96.2707148
96.270704648
96.270696899
96.270690962
96.270686416
